%YAML:1.0
corner:
   - 1.21864784e+002
   - 8.35674515e+001
   - 1.27057304e+002
   - 8.25393753e+001
   - 1.34609772e+002
   - 8.34049683e+001
   - 1.42452255e+002
   - 8.36081848e+001
   - 1.47994781e+002
   - 8.14966812e+001
   - 1.57792984e+002
   - 8.46366730e+001
   - 1.65514267e+002
   - 8.54821014e+001
   - 1.19484703e+002
   - 9.05119400e+001
   - 1.27451286e+002
   - 9.13839340e+001
   - 1.33151489e+002
   - 8.99183884e+001
   - 1.42669907e+002
   - 9.23642120e+001
   - 1.50473389e+002
   - 9.25387955e+001
   - 1.57389709e+002
   - 9.58569794e+001
   - 1.65626633e+002
   - 9.35464783e+001
   - 1.19568779e+002
   - 9.90961914e+001
   - 1.27507912e+002
   - 9.94858856e+001
   - 1.35407074e+002
   - 1.00212952e+002
   - 1.43154678e+002
   - 1.00534805e+002
   - 1.50609985e+002
   - 1.01187630e+002
   - 1.58495193e+002
   - 1.01494194e+002
   - 1.66347885e+002
   - 1.02339226e+002
   - 1.19375122e+002
   - 1.07771515e+002
   - 1.27304977e+002
   - 1.06863937e+002
   - 1.35507004e+002
   - 1.08474747e+002
   - 1.43444717e+002
   - 1.09030952e+002
   - 1.52441360e+002
   - 1.08743729e+002
   - 1.58557358e+002
   - 1.09939789e+002
   - 1.66482712e+002
   - 1.10503418e+002
   - 1.20276619e+002
   - 1.16009865e+002
   - 1.27910126e+002
   - 1.16463463e+002
   - 1.33611984e+002
   - 1.19364754e+002
   - 1.44269150e+002
   - 1.18156937e+002
   - 1.51418549e+002
   - 1.17783279e+002
   - 1.59382965e+002
   - 1.18443161e+002
   - 1.66504120e+002
   - 1.18651741e+002
   - 1.20774231e+002
   - 1.23584389e+002
   - 1.28351563e+002
   - 1.24782364e+002
   - 1.37773636e+002
   - 1.26088676e+002
   - 1.44548157e+002
   - 1.23102417e+002
   - 1.51530807e+002
   - 1.26463310e+002
   - 1.59418274e+002
   - 1.26557617e+002
   - 1.65404480e+002
   - 1.30355270e+002
   - 1.20553413e+002
   - 1.32694000e+002
   - 1.30396820e+002
   - 1.32219223e+002
   - 1.36350266e+002
   - 1.33540329e+002
   - 1.44230515e+002
   - 1.34402496e+002
   - 1.51604111e+002
   - 1.34494537e+002
   - 1.59119476e+002
   - 1.32347092e+002
   - 1.67405441e+002
   - 1.35473465e+002
   - 1.22602737e+002
   - 1.40432632e+002
   - 1.29923950e+002
   - 1.40230774e+002
   - 1.36546219e+002
   - 1.42334122e+002
   - 1.44448700e+002
   - 1.42469681e+002
   - 1.51845840e+002
   - 1.40609375e+002
   - 1.59636719e+002
   - 1.43472763e+002
   - 1.67494858e+002
   - 1.43954590e+002
   - 1.19026962e+002
   - 1.52651657e+002
   - 1.28975204e+002
   - 1.50326218e+002
   - 1.36624542e+002
   - 1.50515106e+002
   - 1.44566833e+002
   - 1.51243256e+002
   - 1.52443008e+002
   - 1.51464874e+002
   - 1.60091431e+002
   - 1.52001053e+002
   - 1.67611450e+002
   - 1.52468292e+002
   - 1.21982224e+002
   - 1.57973999e+002
   - 1.29365601e+002
   - 1.58605865e+002
   - 1.37131088e+002
   - 1.59211578e+002
   - 1.44803406e+002
   - 1.59490692e+002
   - 1.52563065e+002
   - 1.59912949e+002
   - 1.60467697e+002
   - 1.60462585e+002
   - 1.68175247e+002
   - 1.60575790e+002
   - 1.21000267e+002
   - 1.69220688e+002
   - 1.31025482e+002
   - 1.67680801e+002
   - 1.37419083e+002
   - 1.67531418e+002
   - 1.45313461e+002
   - 1.68113617e+002
   - 1.52852127e+002
   - 1.68435104e+002
   - 1.60525345e+002
   - 1.68602798e+002
   - 1.68474060e+002
   - 1.69415024e+002
   - 1.21958153e+002
   - 1.75294998e+002
   - 1.29702896e+002
   - 1.75623367e+002
   - 1.37588745e+002
   - 1.76228058e+002
   - 1.46887802e+002
   - 1.77453934e+002
   - 1.53335266e+002
   - 1.76781342e+002
   - 1.60837616e+002
   - 1.77376999e+002
   - 1.68550079e+002
   - 1.77476227e+002
   - 1.21678291e+002
   - 1.83327011e+002
   - 1.32351303e+002
   - 1.83276001e+002
   - 1.37827332e+002
   - 1.84528580e+002
   - 1.45638184e+002
   - 1.85023346e+002
   - 1.53750854e+002
   - 1.85987854e+002
   - 1.61374527e+002
   - 1.85581131e+002
   - 1.68858566e+002
   - 1.86162888e+002
   - 1.22499390e+002
   - 1.92366867e+002
   - 1.28544678e+002
   - 1.90908829e+002
   - 1.38595261e+002
   - 1.96107834e+002
   - 1.46039581e+002
   - 1.93444244e+002
   - 1.53638794e+002
   - 1.93686310e+002
   - 1.61949860e+002
   - 1.94419266e+002
   - 1.69403854e+002
   - 1.94501373e+002
   - 1.22756607e+002
   - 2.00982620e+002
   - 1.31783310e+002
   - 1.99020691e+002
   - 1.38447418e+002
   - 2.01619965e+002
   - 1.49061661e+002
   - 2.01993622e+002
   - 1.54116302e+002
   - 2.02442566e+002
   - 1.61601974e+002
   - 2.02537323e+002
   - 1.69500595e+002
   - 2.03223389e+002
   - 1.24003723e+002
   - 2.08672592e+002
   - 1.30937561e+002
   - 2.09987335e+002
   - 1.38665680e+002
   - 2.10347122e+002
   - 1.46510971e+002
   - 2.10511292e+002
   - 1.54399231e+002
   - 2.11020264e+002
   - 1.62215897e+002
   - 2.11453094e+002
   - 1.72405472e+002
   - 2.09714188e+002
   - 1.21224785e+002
   - 2.18723846e+002
   - 1.29910278e+002
   - 2.18878677e+002
   - 1.38876190e+002
   - 2.18736160e+002
   - 1.46799988e+002
   - 2.19310120e+002
   - 1.54559128e+002
   - 2.19496338e+002
   - 1.62421402e+002
   - 2.19699890e+002
   - 1.70215485e+002
   - 2.20308395e+002
   - 1.23534538e+002
   - 2.26788971e+002
   - 1.29657913e+002
   - 2.29039261e+002
   - 1.37580841e+002
   - 2.28521179e+002
   - 1.47058838e+002
   - 2.27651764e+002
   - 1.54949387e+002
   - 2.28072876e+002
   - 1.62563110e+002
   - 2.28420517e+002
   - 1.72560226e+002
   - 2.28356720e+002
   - 1.23672432e+002
   - 2.32997284e+002
   - 1.31641647e+002
   - 2.35674698e+002
   - 1.41326416e+002
   - 2.34915726e+002
   - 1.47487320e+002
   - 2.36406738e+002
   - 1.55241165e+002
   - 2.36532303e+002
   - 1.62917496e+002
   - 2.36822388e+002
   - 1.70587204e+002
   - 2.37287659e+002
   - 1.24080620e+002
   - 2.43997726e+002
   - 1.33219452e+002
   - 2.46844925e+002
   - 1.39809158e+002
   - 2.44526184e+002
   - 1.47645203e+002
   - 2.44797470e+002
   - 1.55537430e+002
   - 2.45199371e+002
   - 1.63335464e+002
   - 2.45434982e+002
   - 1.70983429e+002
   - 2.45510864e+002
   - 1.23569534e+002
   - 2.50220352e+002
   - 1.32343170e+002
   - 2.52767807e+002
   - 1.42860687e+002
   - 2.54428452e+002
   - 1.50842300e+002
   - 2.52109283e+002
   - 1.55744263e+002
   - 2.53554474e+002
   - 1.63474457e+002
   - 2.53844757e+002
   - 1.71795319e+002
   - 2.54884430e+002
   - 1.24647285e+002
   - 2.61184723e+002
   - 1.32532715e+002
   - 2.61431763e+002
   - 1.40405731e+002
   - 2.61636597e+002
   - 1.50450714e+002
   - 2.60386719e+002
   - 1.56147629e+002
   - 2.62233612e+002
   - 1.63861084e+002
   - 2.62488464e+002
   - 1.71527283e+002
   - 2.62527527e+002
   - 1.24860031e+002
   - 2.69757324e+002
   - 1.32623703e+002
   - 2.67705231e+002
   - 1.40744232e+002
   - 2.70337769e+002
   - 1.50218735e+002
   - 2.71212097e+002
   - 1.56248871e+002
   - 2.73043396e+002
   - 1.63165970e+002
   - 2.73920898e+002
   - 1.71856705e+002
   - 2.71315552e+002
   - 1.25587097e+002
   - 2.76466522e+002
   - 1.33191177e+002
   - 2.78634033e+002
   - 1.41896957e+002
   - 2.77996857e+002
   - 1.51812927e+002
   - 2.79623077e+002
   - 1.58447617e+002
   - 2.80238403e+002
   - 1.64500244e+002
   - 2.79507385e+002
   - 1.72345383e+002
   - 2.79614563e+002
   - 1.26749428e+002
   - 2.88636444e+002
   - 1.33435547e+002
   - 2.87385284e+002
   - 1.41333633e+002
   - 2.87540436e+002
   - 1.50358810e+002
   - 2.85880707e+002
   - 1.57082260e+002
   - 2.88014282e+002
   - 1.64722519e+002
   - 2.88234619e+002
   - 1.73148499e+002
   - 2.91208527e+002
