%YAML:1.0
objPoints:
   - 0.
   - 0.
   - 0.
   - 0.
   - 5.
   - 0.
   - 0.
   - 10.
   - 0.
   - 0.
   - 15.
   - 0.
   - 0.
   - 20.
   - 0.
   - 0.
   - 25.
   - 0.
   - 0.
   - 30.
   - 0.
   - 5.
   - 0.
   - 0.
   - 5.
   - 5.
   - 0.
   - 5.
   - 10.
   - 0.
   - 5.
   - 15.
   - 0.
   - 5.
   - 20.
   - 0.
   - 5.
   - 25.
   - 0.
   - 5.
   - 30.
   - 0.
   - 10.
   - 0.
   - 0.
   - 10.
   - 5.
   - 0.
   - 10.
   - 10.
   - 0.
   - 10.
   - 15.
   - 0.
   - 10.
   - 20.
   - 0.
   - 10.
   - 25.
   - 0.
   - 10.
   - 30.
   - 0.
   - 15.
   - 0.
   - 0.
   - 15.
   - 5.
   - 0.
   - 15.
   - 10.
   - 0.
   - 15.
   - 15.
   - 0.
   - 15.
   - 20.
   - 0.
   - 15.
   - 25.
   - 0.
   - 15.
   - 30.
   - 0.
   - 20.
   - 0.
   - 0.
   - 20.
   - 5.
   - 0.
   - 20.
   - 10.
   - 0.
   - 20.
   - 15.
   - 0.
   - 20.
   - 20.
   - 0.
   - 20.
   - 25.
   - 0.
   - 20.
   - 30.
   - 0.
   - 25.
   - 0.
   - 0.
   - 25.
   - 5.
   - 0.
   - 25.
   - 10.
   - 0.
   - 25.
   - 15.
   - 0.
   - 25.
   - 20.
   - 0.
   - 25.
   - 25.
   - 0.
   - 25.
   - 30.
   - 0.
   - 30.
   - 0.
   - 0.
   - 30.
   - 5.
   - 0.
   - 30.
   - 10.
   - 0.
   - 30.
   - 15.
   - 0.
   - 30.
   - 20.
   - 0.
   - 30.
   - 25.
   - 0.
   - 30.
   - 30.
   - 0.
   - 35.
   - 0.
   - 0.
   - 35.
   - 5.
   - 0.
   - 35.
   - 10.
   - 0.
   - 35.
   - 15.
   - 0.
   - 35.
   - 20.
   - 0.
   - 35.
   - 25.
   - 0.
   - 35.
   - 30.
   - 0.
   - 40.
   - 0.
   - 0.
   - 40.
   - 5.
   - 0.
   - 40.
   - 10.
   - 0.
   - 40.
   - 15.
   - 0.
   - 40.
   - 20.
   - 0.
   - 40.
   - 25.
   - 0.
   - 40.
   - 30.
   - 0.
   - 45.
   - 0.
   - 0.
   - 45.
   - 5.
   - 0.
   - 45.
   - 10.
   - 0.
   - 45.
   - 15.
   - 0.
   - 45.
   - 20.
   - 0.
   - 45.
   - 25.
   - 0.
   - 45.
   - 30.
   - 0.
   - 50.
   - 0.
   - 0.
   - 50.
   - 5.
   - 0.
   - 50.
   - 10.
   - 0.
   - 50.
   - 15.
   - 0.
   - 50.
   - 20.
   - 0.
   - 50.
   - 25.
   - 0.
   - 50.
   - 30.
   - 0.
   - 55.
   - 0.
   - 0.
   - 55.
   - 5.
   - 0.
   - 55.
   - 10.
   - 0.
   - 55.
   - 15.
   - 0.
   - 55.
   - 20.
   - 0.
   - 55.
   - 25.
   - 0.
   - 55.
   - 30.
   - 0.
   - 60.
   - 0.
   - 0.
   - 60.
   - 5.
   - 0.
   - 60.
   - 10.
   - 0.
   - 60.
   - 15.
   - 0.
   - 60.
   - 20.
   - 0.
   - 60.
   - 25.
   - 0.
   - 60.
   - 30.
   - 0.
   - 65.
   - 0.
   - 0.
   - 65.
   - 5.
   - 0.
   - 65.
   - 10.
   - 0.
   - 65.
   - 15.
   - 0.
   - 65.
   - 20.
   - 0.
   - 65.
   - 25.
   - 0.
   - 65.
   - 30.
   - 0.
   - 70.
   - 0.
   - 0.
   - 70.
   - 5.
   - 0.
   - 70.
   - 10.
   - 0.
   - 70.
   - 15.
   - 0.
   - 70.
   - 20.
   - 0.
   - 70.
   - 25.
   - 0.
   - 70.
   - 30.
   - 0.
   - 75.
   - 0.
   - 0.
   - 75.
   - 5.
   - 0.
   - 75.
   - 10.
   - 0.
   - 75.
   - 15.
   - 0.
   - 75.
   - 20.
   - 0.
   - 75.
   - 25.
   - 0.
   - 75.
   - 30.
   - 0.
   - 80.
   - 0.
   - 0.
   - 80.
   - 5.
   - 0.
   - 80.
   - 10.
   - 0.
   - 80.
   - 15.
   - 0.
   - 80.
   - 20.
   - 0.
   - 80.
   - 25.
   - 0.
   - 80.
   - 30.
   - 0.
   - 85.
   - 0.
   - 0.
   - 85.
   - 5.
   - 0.
   - 85.
   - 10.
   - 0.
   - 85.
   - 15.
   - 0.
   - 85.
   - 20.
   - 0.
   - 85.
   - 25.
   - 0.
   - 85.
   - 30.
   - 0.
   - 90.
   - 0.
   - 0.
   - 90.
   - 5.
   - 0.
   - 90.
   - 10.
   - 0.
   - 90.
   - 15.
   - 0.
   - 90.
   - 20.
   - 0.
   - 90.
   - 25.
   - 0.
   - 90.
   - 30.
   - 0.
   - 95.
   - 0.
   - 0.
   - 95.
   - 5.
   - 0.
   - 95.
   - 10.
   - 0.
   - 95.
   - 15.
   - 0.
   - 95.
   - 20.
   - 0.
   - 95.
   - 25.
   - 0.
   - 95.
   - 30.
   - 0.
   - 100.
   - 0.
   - 0.
   - 100.
   - 5.
   - 0.
   - 100.
   - 10.
   - 0.
   - 100.
   - 15.
   - 0.
   - 100.
   - 20.
   - 0.
   - 100.
   - 25.
   - 0.
   - 100.
   - 30.
   - 0.
   - 105.
   - 0.
   - 0.
   - 105.
   - 5.
   - 0.
   - 105.
   - 10.
   - 0.
   - 105.
   - 15.
   - 0.
   - 105.
   - 20.
   - 0.
   - 105.
   - 25.
   - 0.
   - 105.
   - 30.
   - 0.
   - 110.
   - 0.
   - 0.
   - 110.
   - 5.
   - 0.
   - 110.
   - 10.
   - 0.
   - 110.
   - 15.
   - 0.
   - 110.
   - 20.
   - 0.
   - 110.
   - 25.
   - 0.
   - 110.
   - 30.
   - 0.
   - 115.
   - 0.
   - 0.
   - 115.
   - 5.
   - 0.
   - 115.
   - 10.
   - 0.
   - 115.
   - 15.
   - 0.
   - 115.
   - 20.
   - 0.
   - 115.
   - 25.
   - 0.
   - 115.
   - 30.
   - 0.
   - 120.
   - 0.
   - 0.
   - 120.
   - 5.
   - 0.
   - 120.
   - 10.
   - 0.
   - 120.
   - 15.
   - 0.
   - 120.
   - 20.
   - 0.
   - 120.
   - 25.
   - 0.
   - 120.
   - 30.
   - 0.
